0.144291
1.442969
0.684059
1.054384
0.098561
1.806458
1.436662
2.704602
0.259759
2.316963
4.960954
5.076189
1.726552
0.029471
0.576053
0.265379
0.246900
0.342183
1.046517
1.028045
4.898657
0.128845
1.278281
2.755780
1.123536
0.361499
2.141138
0.703771
0.035136
1.596543
0.189960
1.214160
0.469529
0.710144
0.735926
0.672744
4.608284
5.285371
0.500215
0.697634
1.471953
1.968185
3.693550
0.702744
0.313724
3.149263
4.838137
2.173133
1.656215
0.824071
0.057760
0.843969
0.702633
0.441284
0.773227
0.947917
0.028374
0.195056
1.973345
1.595030
0.294766
1.118142
0.970721
1.002523
1.909490
0.422239
0.811455
0.184097
1.243372
0.388611
0.023918
0.546312
0.115143
0.713587
0.930513
0.021038
0.158365
0.174624
1.133750
0.249231
1.598552
0.252567
0.502358
0.387496
0.060584
3.439002
0.365841
0.371591
1.361961
0.290831
0.286903
1.711549
0.844623
2.023296
1.217474
0.474765
0.230372
0.567308
0.110288
0.351080
0.393555
2.299373
6.554717
5.847812
4.101821
1.122255
2.691008
1.746085
0.662615
0.267410
0.088482
2.418982
2.138362
1.839683
0.415948
2.020568
3.085820
0.145426
0.110122
0.076010
1.551718
0.416876
1.522818
0.845789
0.085278
2.214282
2.591164
0.324599
1.758914
1.792781
0.122283
0.040847
4.436145
3.066366
4.868849
7.468337
6.434973
6.184640
4.456528
0.105504
0.040426
4.050345
2.896210
0.375830
3.551011
3.499798
6.819139
6.772911
3.047984
0.299871
0.367189
0.084871
4.096951
2.158126
2.825728
0.746691
0.380873
2.239613
1.221888
0.865088
0.281167
0.253322
0.801189
0.777054
1.957651
0.679759
0.167448
1.584665
1.373698
1.497043
1.723448
0.113032
2.517723
0.933416
2.413312
3.880843
4.358165
1.837082
1.169878
0.360714
1.254650
0.291137
3.307321
0.796887
1.905775
0.503702
0.298364
0.713834
0.845375
0.672463
0.133679
1.765708
0.512631
0.265959
0.923381
1.046512
1.159998
0.272301
0.651673
0.531447
2.374506
0.321895
0.049398
0.716808
0.173720
2.145663
2.167686
0.464601
1.333391
1.939868
3.220848
0.193920
0.245413
1.417786
2.412929
0.427682
0.180082
0.041560
1.649967
0.311328
3.204944
4.300630
1.077979
0.588893
3.547641
1.705706
0.180029
0.135053
3.204580
3.094660
0.125665
0.285307
0.004017
0.577630
1.401794
1.803826
1.428278
0.319139
0.288859
1.565855
3.635002
0.674933
1.465629
0.483302
0.114445
0.125644
0.788089
1.431566
0.146870
0.849984
0.699231
0.751611
1.344409
0.363555
1.528260
0.677863
0.474105
0.003883
0.911712
1.768558
4.344203
1.774492
1.365044
0.364328
0.967673
0.445384
0.982656
0.519618
0.878099
2.281892
0.678657
1.022639
0.993375
0.992260
2.766495
1.872545
1.689162
0.429937
1.231070
0.785804
1.789613
0.629426
1.762677
0.549216
1.069569
3.891002
0.867149
1.167667
0.234317
2.171779
1.345250
1.415260
0.716455
0.184588
1.249797
0.314383
0.264114
0.189181
2.015287
3.333935
3.933314
0.031010
0.974058
0.565221
1.539035
0.667120
3.613766
1.985502
0.932064
0.747798
1.259603
1.908349
0.275087
1.267541
0.112481
0.677986
0.208260
0.910094
0.244058
1.754323
3.327619
0.419224
0.125639
0.100075
0.683242
0.184641
1.715632
0.867340
1.255038
0.900463
5.183812
6.896242
0.385037
0.868105
0.510707
1.421136
0.610450
0.156862
0.058816
0.139238
1.832459
0.036114
1.836489
1.713149
0.142955
1.014767
1.160822
1.087720
0.997129
1.026115
0.062071
0.892807
0.929763
0.738504
0.956980
0.222354
0.551856
1.250179
1.276957
0.289792
0.163708
1.928052
0.054257
1.676945
0.462437
0.040945
0.585818
0.502838
2.139749
2.109834
1.611407
2.481991
2.683755
1.841956
3.082587
0.362039
0.281554
0.400638
1.530726
0.877407
0.919809
4.425398
1.800514
0.767050
1.781515
0.522311
0.736217
1.079392
0.044553
1.053019
0.354279
0.393470
0.695263
0.161057
0.393892
0.071331
0.653346
2.625787
1.690807
2.554763
0.144542
0.857088
1.532239
1.372980
2.852733
0.515126
3.899844
0.262622
1.162326
2.373075
2.654497
0.111425
0.789015
0.113099
1.000056
0.081749
1.901309
0.190395
0.022092
1.881442
0.333729
0.911497
2.232997
1.125779
2.895620
1.293965
6.297964
6.286742
5.884625
0.667627
2.142994
0.878508
1.287104
0.210425
1.175497
3.329948
6.223831
5.204600
0.848558
0.745762
1.706872
0.524757
0.367822
0.705862
0.798495
0.177897
5.208661
0.834500
0.514397
2.256947
2.290142
1.873036
0.624302
0.466224
0.656662
0.609079
0.437725
0.018331
0.301420
0.890567
6.086521
5.770478
2.733205
1.500573
1.256899
3.557665
0.095825
3.396652
5.134908
6.288054
6.626060
8.827428
7.045159
7.003930
5.192298
1.313135
0.804825
1.113663
0.808954
0.653375
1.950855
1.129505
1.778088
0.348491
2.354704
1.849183
0.488354
0.224645
0.538889
4.836434
5.387728
2.238260
1.425710
0.665482
1.693337
2.601164
0.311338
0.580267
1.847604
1.775187
0.309764
0.217299
0.912534
0.760955
0.161172
0.328214
0.310688
0.458367
0.413087
0.199920
1.184730
0.059922
1.171529
1.671070
0.378871
0.400540
0.150959
0.092147
1.213762
1.154442
0.222399
2.156630
0.004246
0.364282
0.088356
1.141595
0.417142
0.730703
0.763895
0.288778
1.143199
1.042692
1.021319
0.313804
0.208267
2.763589
0.492216
1.138323
0.724097
2.969498
1.822347
1.853585
2.043187
1.136323
0.750212
0.767358
2.285919
0.796561
0.711869
0.242101
0.789563
0.315992
0.640999
0.109540
1.062535
0.786915
1.284327
0.030886
1.147001
0.453399
2.112969
2.779913
0.408667
0.174077
0.480837
0.125404
0.314376
1.606382
0.008218
2.521751
0.477240
2.143976
1.510581
0.548665
0.524977
0.054746
0.038132
0.000590
0.117799
0.709436
0.315949
2.396895
1.619928
0.281267
0.274189
0.442726
1.499931
0.376438
0.425040
5.470196
0.057277
0.472091
1.693556
1.201444
0.731879
2.663496
0.188983
0.668336
1.239347
0.021903
0.483273
0.192022
0.105023
3.503519
1.534905
0.637083
1.483490
0.215384
0.780938
2.614163
0.162379
0.115380
0.077514
1.452764
1.598849
0.169024
1.748843
0.018966
1.004571
2.437839
0.495596
4.495101
2.377809
0.419273
1.491742
3.227062
2.981254
0.557612
2.745478
1.204993
1.060036
0.284907
0.126804
0.489370
1.025649
3.821000
2.828099
3.092715
0.537100
4.276915
0.383195
0.595450
0.540612
0.503327
0.224043
0.446273
0.836727
1.516681
1.313185
0.153981
0.429789
0.630663
0.139563
0.218783
0.771232
0.560746
0.861831
0.496459
0.981910
0.639716
1.371789
1.146999
0.138315
0.077062
0.480731
1.083998
0.441395
0.255020
0.427282
0.092755
0.234249
0.342907
0.897947
1.405471
0.060013
0.379220
3.138204
0.109025
1.003561
0.233032
0.129614
1.230530
0.484217
0.143818
0.293840
0.500724
1.441153
0.657839
0.311511
1.113437
0.698897
3.434291
0.546784
0.102844
0.138802
0.605009
2.106615
3.482702
2.385684
1.935547
0.549335
3.143600
0.210722
0.737787
0.445867
3.988414
0.066676
0.613337
0.194532
2.371531
5.354201
5.638830
7.134989
1.592926
1.038761
2.361377
2.727878
2.406363
0.556557
0.381715
0.889971
0.325420
1.547069
0.536366
1.564839
0.120485
0.014486
0.410524
0.800472
0.874015
1.006093
0.590969
1.662559
1.886218
3.273680
1.689800
2.610747
7.477765
4.863498
0.038327
0.996244
0.308582
0.799369
0.963964
3.326501
3.687676
2.369073
2.258760
1.254082
1.337691
2.067589
1.726064
3.936378
2.184355
0.583798
1.376224
2.615988
0.762298
0.887590
2.062914
3.613760
2.644716
2.345279
1.867238
0.056881
0.407856
1.284583
0.053151
3.998388
3.843627
3.830023
0.088453
0.035735
0.235010
0.674295
0.497548
0.217213
1.153261
2.702394
0.642494
1.507785
4.444105
4.457204
1.229874
0.076948
1.209402
3.036212
0.829229
0.695340
1.140972
1.946043
0.637098
1.125890
0.828844
0.934918
0.371416
0.046932
2.224762
2.106321
2.597007
0.983046
0.575114
0.440553
0.008224
1.354977
0.015074
0.889614
2.043042
5.387776
5.098805
5.633939
1.384656
0.264711
1.205819
0.896866
0.853417
0.347788
0.747397
2.011900
2.562516
2.414216
0.993577
0.501997
0.164855
1.361852
0.001464
0.367104
1.124704
1.773488
2.074480
0.382115
0.876138
0.794187
0.011357
0.090396
0.695448
1.377956
4.570230
3.141124
1.533267
0.361770
2.558007
0.070751
1.370633
1.120144
0.009003
0.404533
0.533235
0.839117
0.799988
0.265942
2.180377
1.420088
0.402577
0.016120
1.022038
0.246374
2.361196
3.950870
0.158174
0.162586
0.337199
0.890477
1.577247
0.126918
1.371063
2.423914
0.248252
0.290519
0.285870
0.338558
0.430666
2.073954
0.955765
0.488630
0.280369
2.098508
0.928683
1.921590
2.306387
2.535368
1.405482
0.609435
0.504264
0.017258
0.183942
2.052678
0.161925
0.986993
1.207608
1.828190
2.423276
2.041567
2.362744
2.481442
1.153647
1.560031
1.821367
0.212777
3.282477
2.042672
1.522188
1.096146
0.128305
0.033175
0.951648
0.235935
1.883269
0.515763
0.050718
1.196436
1.622459
1.263319
0.794434
0.373158
2.313542
2.338777
0.565852
0.869491
0.718365
0.567575
1.621994
0.707075
0.178641
0.050544
0.940825
2.020017
1.783042
0.419197
1.819870
4.219834
4.166156
2.320304
0.456925
0.145621
0.383953
0.837417
0.929133
0.850711
0.537076
1.240336
0.934576
0.198727
0.375521
0.290887
0.668619
0.348870
0.049820
2.620219
2.456255
1.110483
0.937904
0.389588
0.505848
0.837021
0.503910
1.787694
0.278254
0.284503
0.039289
0.843921
2.489283
0.828006
0.013314
0.826049
0.180800
0.052961
1.723774
1.163746
0.361829
1.418808
0.175993
1.789409
0.837800
0.190464
0.008412
2.092003
2.498264
4.388206
0.131637
4.758167
3.716497
3.089721
0.808304
0.612461
0.186062
3.104849
1.548812
0.167940
0.262412
0.478060
1.326515
0.579038
0.584041
0.055539
0.102363
0.585886
0.595927
0.037087
3.713808
3.162726
0.883993
0.911020
1.494862
1.602412
1.527875
1.895664
2.196878
4.326919
4.758651
1.779739
0.778776
2.188489
0.649633
0.157771
0.944217
1.665888
2.545384
0.109148
0.054016
0.469255
0.328674
0.846808
1.350149
0.870330
1.398345
1.031852
0.613853
0.768168
1.737884
0.818728
1.286068
0.897200
0.662487
0.768429
0.275784
0.902605
1.516994
1.425979
2.858331
1.652756
1.080803
1.544896
0.340531
0.506568
1.108125
2.463812
0.929903
1.514663
0.251277
0.945098
1.240473
0.569095
0.097886
0.166340
1.319648
1.400262
1.402672
1.015451
3.623356
0.233902
3.507619
2.760399
0.879357
0.589936
1.578640
0.381661
0.444144
0.267904
0.670844
0.094046
0.831974
0.210079
2.240949
0.742929
2.590032
1.269707
0.120551
1.194662
1.189279
1.595953
1.476146
1.003339
1.268084
0.739671
1.099784
0.758935
1.388789
0.458940
0.230598
0.271811
0.776677
0.958806
0.055715
1.708554
3.210969
2.363340
1.188112
2.361982
0.879396
1.804236
0.740577
0.429787
0.281618
0.574038
0.019261
0.339980
0.027130
1.591649
0.563889
0.923050
1.534526
2.887282
0.787242
2.428400
0.649304
0.576013
2.237930
0.460946
0.111728
0.117759
0.091575
2.421288
2.030444
1.016204
0.497639
0.612892
0.968700
0.312820
0.388073
0.649532
0.313181
1.224673
0.879883
0.713281
1.426108
0.534075
0.908500
0.995066
0.065251
3.601590
1.754660
1.813269
0.779164
0.112980
6.704323
0.590146
2.413460
0.133678
0.771614
0.974216
0.651428
0.309110
1.175906
0.118833
0.929997
1.165825
0.593055
0.754514
1.137384
0.220004
0.043649
0.364000
0.176617
2.006985
2.708582
0.842798
0.144675
0.285179
0.307685
0.022001
0.331760
0.573618
0.204889
0.034640
1.735417
1.890984
0.438468
4.645726
0.260662
0.454975
0.388430
0.298012
3.890257
1.364767
2.318878
0.001839
1.498463
5.541879
1.600588
0.478922
0.911523
2.002483
2.332796
2.172672
0.572975
0.103537
0.855530
0.443927
0.903244
0.567756
0.547911
0.982648
0.152545
0.345988
1.017571
0.316652
0.307041
0.112715
0.166090
1.523729
2.323561
4.612216
1.470889
1.387389
1.624977
3.537187
3.534953
1.453027
0.677202
0.265287
0.651109
0.087785
2.313762
2.303344
0.043370
0.046406
0.368000
0.969532
1.939547
3.093878
0.287560
4.446051
1.209040
4.895152
0.389730
0.004810
2.066813
0.159644
0.175825
0.226369
0.805599
1.928322
0.380082
0.237021
1.600728
0.756187
0.248226
0.716453
0.590308
0.417301
1.306376
0.812217
1.375891
0.777276
0.278906
0.932557
0.306684
0.338962
3.986520
3.977047
0.080031
0.362733
2.038451
3.330694
3.406633
1.103709
1.002259
0.258003
1.817795
0.008880
0.016106
2.450556
2.224728
0.007944
0.299673
2.069634
0.762020
0.198383
0.500833
0.233537
0.485178
0.725574
2.122463
0.899907
2.112566
1.917400
0.528924
0.316902
1.315342
2.638285
0.023144
0.211604
0.762666
0.092039
0.054050
2.195298
3.944905
0.040556
0.644131
1.708142
1.673134
3.502547
2.062523
2.378823
0.775324
1.698198
1.874867
2.843373
1.479640
0.473573
0.112337
0.915890
0.078713
0.882467
2.875391
0.982681
2.890040
0.717241
1.129375
0.890166
1.859058
2.422642
2.816000
0.671906
3.229461
1.847591
1.244671
1.366157
1.347412
1.425781
1.502077
1.652128
1.090378
0.827120
2.701897
3.490828
4.540003
4.371808
4.580267
4.147691
4.038820
1.940039
0.717569
5.018375
4.666490
2.331140
3.191173
3.418852
2.770294
3.549467
1.598675
1.255159
0.716175
0.410979
0.081535
1.386194
2.306109
0.710941
0.700736
4.679427
0.336273
1.229746
0.801843
0.444466
2.174514
0.255594
0.459850
2.092600
2.831399
0.290838
0.328778
0.164950
0.189442
0.796745
1.538599
2.594024
2.563770
0.905088
2.387266
2.754427
1.991723
1.990576
0.557543
1.302202
0.309975
0.054292
3.419721
6.688822
5.722981
3.274742
2.611365
0.228579
0.265458
2.427706
1.483042
1.894103
1.821545
1.217120
1.212901
3.226266
1.820719
0.555372
2.598117
0.084610
1.500410
0.812285
0.193789
1.426865
1.819593
0.503512
3.623059
0.306551
0.111363
0.276296
0.374996
0.026909
1.014260
1.474220
2.362124
0.578243
1.435635
2.148734
1.185274
0.052548
0.591727
1.051854
1.330877
5.192194
6.595830
0.905472
0.428077
0.041454
1.646692
0.948314
0.181749
1.283995
3.760508
3.789834
0.495601
0.531069
0.186799
4.339263
2.298634
0.699830
0.929309
0.499107
1.306465
1.344483
0.788289
0.320438
0.008859
1.114149
0.113018
0.627037
0.042412
1.684944
1.222269
1.567499
1.688166
3.492018
3.691308
1.722270
2.937653
2.006406
1.572720
0.718419
1.103384
1.937700
1.653119
1.502445
1.517146
2.049574
4.502112
4.386625
3.181116
0.124695
0.252920
1.507248
2.167211
0.455764
0.099161
1.115271
0.467175
0.237033
0.151834
0.952941
1.832321
0.136099
0.557634
0.118712
0.350032
0.221982
1.808857
2.473451
1.821886
0.151439
0.094784
0.322979
0.555362
1.099218
1.097698
0.175864
1.816450
1.374130
0.161735
2.567564
0.906244
2.428615
3.540906
0.300518
0.075871
1.165371
1.675107
3.325738
0.414085
1.584214
0.888031
2.904823
0.322769
0.078002
1.862359
1.025404
0.332423
3.189428
0.187595
1.482892
1.884230
0.970703
1.502874
1.316989
2.711951
0.527869
2.533833
1.077374
0.369327
0.036855
1.551006
0.467495
0.143141
0.387388
0.371923
0.855086
0.306768
1.606033
0.161388
1.118874
1.789596
0.184516
0.040372
3.558827
2.017255
0.537038
0.961279
0.138372
0.523511
0.570136
0.734635
0.753021
2.308294
1.370319
0.959342
1.570737
0.180272
0.494919
1.152566
0.478032
2.403678
0.405893
0.667333
0.716128
0.769022
1.062211
0.268465
4.338567
2.152282
2.023570
1.504884
0.301200
0.964897
1.185162
0.352827
0.369281
0.234203
0.028893
0.699721
0.787857
0.176674
0.075395
1.140774
0.756676
0.248863
0.018028
0.537334
3.366311
0.054859
0.503849
0.173377
0.601360
1.911736
0.212956
1.719179
0.596134
3.580759
3.233948
1.290382
0.247072
0.770242
0.844007
0.388710
1.036317
0.490833
1.008457
1.460921
1.271503
0.358616
0.520370
0.960809
0.328880
0.660311
0.867724
0.406289
0.324042
1.991237
1.790052
1.164642
1.534352
2.383582
0.456700
0.665443
0.566611
2.197352
2.999716
2.453026
1.221843
0.618358
0.936580
1.502213
1.359422
0.248593
0.425978
1.659607
0.475471
0.828390
0.700463
1.439650
1.617501
0.004916
1.784940
2.639694
1.661459
1.292457
1.662627
2.205256
1.375111
0.498534
0.190093
0.690167
1.147415
0.209839
3.209121
3.388037
1.392610
0.465486
0.252311
0.836892
0.813767
0.821039
0.807223
1.535201
0.458430
0.826086
1.107618
0.053748
4.609571
0.622441
0.628597
0.169880
0.648627
0.233262
0.332222
0.092194
0.552371
1.813949
0.063664
1.199428
0.355814
0.012566
0.393909
0.111219
1.342360
2.697751
3.274915
0.796805
2.625137
0.572582
0.729577
4.043741
1.058852
1.821798
1.784615
1.840024
1.558169
1.945421
0.569751
2.939149
0.456692
3.563826
1.116078
0.219519
0.413366
2.644313
1.631336
1.648988
0.547678
0.131549
4.757085
0.975922
0.706626
0.778163
0.151144
1.567636
0.151041
2.687957
0.678006
0.511277
0.089849
0.009857
0.440144
0.981651
1.906153
0.366283
1.327515
0.247501
0.404089
0.052303
0.200833
3.377625
3.935819
2.209264
1.265548
2.412411
2.885991
0.314672
0.690083
0.364200
0.285281
0.572658
0.005845
1.519301
2.573353
3.948500
0.430909
4.123812
0.814000
0.167643
0.149486
3.222461
4.247264
3.647466
0.034000
0.318849
2.084345
2.559556
3.482188
0.579880
0.555274
0.594067
0.644716
0.008011
1.891007
1.532099
1.122311
1.542792
1.767906
1.326116
0.251657
0.961484
0.246144
2.328049
0.452943
1.625007
0.229011
0.768749
1.223682
0.440632
0.199783
1.956916
2.600698
7.220675
4.687763
4.857876
0.459451
0.726965
0.073321
0.427154
0.425547
0.399412
0.362597
1.134841
1.029111
0.177103
0.058635
0.308883
2.776123
0.816904
0.284769
0.056122
3.447940
1.363157
0.834546
0.850286
0.558595
2.111704
0.759472
1.225108
0.447275
0.748455
0.817201
0.267524
0.714223
1.066055
0.094588
0.786585
0.404334
0.098461
0.532088
0.043373
1.118659
1.298959
0.356990
1.988605
0.505420
0.127722
1.052279
0.551621
0.996408
2.447107
3.441025
2.857317
1.919030
1.251353
0.157300
0.031332
1.280400
0.229223
2.521004
1.028737
0.502043
1.301825
0.065145
0.312477
2.781783
1.720774
1.268970
1.168333
0.546624
1.785746
1.211029
0.467690
0.070391
0.174057
0.238421
2.283382
2.584839
1.363255
1.744101
0.864427
0.451445
4.748172
5.306098
6.269612
0.976641
2.025248
2.278505
1.145658
0.731650
1.824232
2.421126
2.732600
2.409225
0.030678
0.255353
0.180611
0.477213
0.248321
0.312444
0.162293
0.330839
1.166346
1.085151
0.102436
0.730576
0.117564
1.040049
4.198201
2.791851
0.818340
3.227945
5.818271
0.412831
2.267476
2.570125
0.413928
0.183229
0.062532
1.015754
0.545338
1.694341
3.526883
0.492836
0.853834
1.462457
0.241797
1.758482
0.781531
0.008415
0.288415
0.106017
0.726365
0.053439
0.167117
1.670195
2.596729
3.062317
1.896707
2.042589
2.954396
1.128350
1.374045
0.875532
2.216811
0.587988
1.468176
0.644288
1.135840
0.000337
1.054449
0.386088
0.279576
0.148537
0.706129
0.943332
0.785783
1.144092
0.328678
1.086826
3.065926
2.042599
0.168577
0.987971
0.426966
0.169749
1.138972
0.672806
1.603074
1.291616
1.458321
1.110707
2.706199
2.768541
9.354313
10.049945
10.032250
7.804557
8.398037
3.219822
2.365675
0.285428
0.010318
0.160414
0.915600
0.070606
0.174629
0.721000
1.630437
1.074852
0.602123
5.118619
4.274602
0.160106
0.296403
2.620978
0.691281
0.140306
1.029519
1.459786
1.114820
0.113643
0.217647
1.012826
0.099530
0.472857
0.787543
0.150049
4.255163
0.355771
1.444107
1.021662
1.010277
3.368082
3.789999
2.285082
3.926615
2.760711
1.542709
0.148258
1.376835
0.675970
3.887021
0.069063
0.565523
0.596692
2.121520
0.957897
0.463785
2.411648
1.639231
1.344724
2.146611
0.396901
2.033774
0.221243
1.603993
0.360985
1.077777
2.373564
1.134910
0.907859
